ABCB4  17.82  6.08    4.93     0.76  0.08  32.56    26.15    18.94     3.57    3.57   0.00  0.00   0.93    6.25   -0.08  1.39    15.40    1.53    0.00   0.10  0.90 0.08  18.70  13.83   13835624.44    23.46    3.61   0.17   4028925902.76
ALPA4   8.96  0.00  -55.13     1.11  0.75  45.10    -3.22    -2.67   -45.73  -52.56  -6.73  0.16   1.47    3.11   -1.26  2.50    -2.01   -1.37   -2.56   0.68  0.32 0.51   2.36   0.00   79324754.91     8.07   -0.16   0.46   6133817936.68
ALUP4   9.65  5.39   12.28     1.23  0.31  79.84    71.68    20.19     3.46    6.92   3.50  1.24   2.48    2.95   -0.38  2.15    10.00    2.51   10.38   0.25  0.62 0.12  20.04  16.77     372227.06     7.86    0.79  -0.30   8716095044.80
AZEV4   1.28  0.00   -0.88     1.28  0.17   5.39   -27.08   -23.84    -0.78   -1.24  -0.44  0.72   0.21   -1.65   -0.27  0.79  -145.28  -19.22 -127.04   0.13  0.87 0.81  43.23   0.00     484584.44     1.00   -1.45   0.00    101975765.04
AZUL4  14.08  0.00   -4.32    -0.90  1.02  18.55    10.14   -23.94    10.19   15.78  12.98  0.00   1.03   -1.49   -1.32  0.25   -20.92  -23.71   51.12  -1.13  2.13 0.99  15.41   0.00  175198130.19   -15.60   -3.26   0.01   4899975291.53
BALM4   9.50  2.27   20.89     0.67  0.37  58.92    10.88     2.64     5.06    4.22  -1.24 -0.17   0.55    0.84   -1.26  2.71     3.22    1.79    8.10   0.56  0.44 0.68   8.44  45.86       6928.89    14.10    0.45  -0.32    100499000.00
BAUH4  73.67  1.64 -658.77     4.07  2.40  22.37     4.77    -0.29    40.10   38.46  -1.64 -0.17   1.91   31.36   -4.36  1.20    -0.62   -0.36   -0.28   0.59  0.41 1.25   3.33   0.00      41905.75    18.08   -0.11   6.07    384721094.74
BBDC4  16.08  6.27    8.81     1.05  0.09  33.70     9.42     9.10     8.51    7.89   0.00  0.00   0.80    1.06   -0.10  7.18    11.95    1.06    0.00   0.09  0.91 0.12   8.37   2.59  734479542.72    15.27    1.83  -0.65 158546578219.08
BDLL4  10.96  0.00    0.26    -0.14  0.03 -63.95   -72.75   210.54    -0.76   -7.95  -7.13  0.00   0.56    2.93   -0.05  1.02   -53.69   10.03 -282.33  -0.19  1.19 0.05 -27.58   0.00      17043.63   -77.32   41.51   0.00     18762527.84
BEES4   8.78  8.80    8.69     1.39  0.07  25.36     8.87     6.32     6.20    5.45   0.00  0.00   0.55    0.91   -0.08  0.00    15.94    0.86    0.00   0.05  0.95 0.14  12.53  13.77      35710.34     6.34    1.01   0.48   2441066270.80
BGIP4  19.58 12.60    3.87     0.49  0.04  36.51     9.69     6.78     2.71    3.35   0.00  0.00   0.26   -0.41   -0.08  0.86    12.68    0.91    0.00   0.07  0.93 0.13   8.79  -2.05      17022.18    39.86    5.05   0.51    369822752.55
BIDI4   3.41  0.00 -234.18     1.06  0.23  50.04   -13.62    -5.22   -89.72  -91.21   0.00  0.00  12.22    0.00   -0.24  0.00    -0.45   -0.10    0.00   0.22  0.78 0.02   5.80   0.00   44223197.08     3.22   -0.01   0.12   8991139764.53
BLUT4   1.52  0.00   -1.66     0.14  0.04   0.00     0.00     0.00    -1.82   -4.91  -1.59  0.12   0.00   -0.32   -0.04  0.00    -8.15   -2.46   -6.65   0.30  0.70 0.00   0.00   0.00     224305.00    11.21   -0.91   0.06     14115600.06
BMEB4  10.25  5.29    5.35     0.80  0.07  53.09     6.58     5.13     4.16    4.35   0.00  0.00   0.27    0.88   -0.07  0.00    14.97    1.25    0.00   0.08  0.91 0.24   5.94  22.60      37611.69    12.81    1.92   1.04   1123390503.00
BMGB4   2.13 18.09   13.56     0.30  0.03  42.22    -3.14     1.34    -5.77   -5.77   0.00  0.00   0.18    0.00   -0.03  0.00     2.25    0.21    0.00   0.09  0.91 0.16  19.34  49.35    1390833.03     6.99    0.16  -0.26   1242285035.43
BMIN4  12.93  9.34    6.56     0.47  0.26  56.67    29.74    22.86     5.04    6.41   0.00  0.00   1.50   41.65   -0.26  0.00     7.14    3.94    0.00   0.55  0.45 0.17  16.78   0.00       7516.58    27.60    1.97   0.06     79343870.84
BOBR4   1.56  0.00    6.14    -2.97  0.46  37.28    13.69     4.35     1.95    2.53   1.61  0.00   0.27   -2.77   -0.94  0.75   -48.37    7.54   70.21  -0.16  1.16 1.73   6.05 -12.20     116481.44    -0.53    0.25  -1.80    191715360.72
BPAN4   6.35  3.96   13.54     1.12  0.14  51.87     5.21     4.69    12.19   12.19   0.00  0.00   0.64    0.00   -0.14  0.00     8.28    1.06    0.00   0.13  0.87 0.23   8.24  40.24   15824194.22     5.66    0.47  -0.40   8084815358.15
BRAP4  22.74 12.88    2.50     1.20  1.11   0.00     0.00     0.00     2.56    2.29  -0.22 -0.11   0.00   44.45   -1.24  1.35    48.04   44.55   46.89   0.93  0.07 0.00   0.00   8.93   83316179.63    18.91    9.09  -0.05   8752730549.10
BRIV4   9.95  6.24    8.14     0.52  0.03  15.77     4.57     3.12     5.56    5.56   0.00  0.00   0.25    1.07   -0.04  6.25     6.37    0.43    0.00   0.07  0.93 0.14  20.48  16.87      17104.50    19.18    1.22   0.00    881040989.51
BSLI4  12.80  1.68   15.21     2.03  0.11  30.22     4.42     5.24    18.02   21.47   0.00  0.00   0.80   -0.38   -0.12  0.20    13.38    0.74    0.00   0.06  0.94 0.14  17.77   3.75       4682.22     6.29    0.84  -0.39   5535059605.00
CALI4  50.00  0.00   14.82     6.70  0.88  23.09    13.05     7.57     8.59    5.00   2.68  2.09   1.12    4.52   -1.65  1.72    45.23    5.96   18.00   0.13  0.87 0.79  65.29  22.22          0.00     7.46    3.37   0.12     50233108.50
CAMB4   6.25  2.72    3.81     1.41  0.68  45.86    21.51    14.62     2.59    3.41   0.85  0.46   0.56    3.21   -1.32  1.80    37.14   17.98   34.06   0.48  0.52 1.23  11.16   9.18          0.00     4.42    1.64   0.04    261682745.20
CASN4   8.37  0.29  131.17     4.20  1.80  43.81    16.97     4.10    31.67   42.24   6.70  0.89   5.37  -34.46   -2.05  0.69     3.20    1.37    6.03   0.43  0.57 0.34   6.67   0.00          0.00     1.99    0.06  -2.18   8920260399.65
CEDO4   6.35  0.00    6.75     0.49  0.07  19.74     8.32     0.77     0.62    2.90   2.24  1.75   0.05    3.40   -0.17  1.04     7.19    1.04   24.16   0.15  0.85 1.36  14.09 -35.26     328179.44    13.07    0.94  -0.04     67209617.60
CEED4  30.00  0.00   -8.48    -0.76  0.29  14.25     7.39    -5.14     5.89   13.20   7.13  0.00   0.44    5.60   -0.46  1.17    -8.94   -3.46   53.60  -0.39  1.39 0.67   7.74   0.00       3000.00   -39.61   -3.54  -0.48   2108929724.40
CGRA4  27.98  8.54    5.10     0.64  0.45  54.13    10.32    15.74     7.78    5.98  -1.92 -0.16   0.80    1.78   -0.80  2.36    12.58    8.84    6.52   0.70  0.30 0.56   9.76  11.55     162591.44    43.57    5.48  -0.12    549558453.00
CLSC4  51.95 10.62    4.02     0.66  0.17  13.93     7.64     4.98     2.62    4.59   2.01  0.50   0.20  -11.96   -0.25  0.96    16.32    4.24   11.24   0.26  0.74 0.85   7.34  49.64     397861.56    79.21   12.93   0.23   1973671506.67
CMIG4  12.12  9.04    6.61     1.17  0.49  19.65    16.77    11.44     4.51    6.61   1.24  0.32   0.76   12.61   -0.65  1.19    17.70    7.46   17.55   0.42  0.58 0.65   9.68  32.15  133605854.94    10.35    1.83  -0.29  31780036772.88
CORR4  82.00 91.30    0.24     0.31  0.10 130.18  3256.36  2854.18     0.21   -1.31  -1.45 -2.13   6.90    0.18   -0.47  3.31   128.78   41.35  102.17   0.32  0.68 0.01 -16.36   0.00          0.00   263.25  339.01   0.00      1278894.65
CRIV4   5.34  8.88   21.25     0.52  0.04  26.13     1.65     1.49    19.13   19.25   0.00  0.00   0.32    0.09   -0.07 59.09     2.45    0.19    0.00   0.08  0.92 0.13  18.33 -16.82      10162.67    10.27    0.25   0.04    553237425.18
CSAB4  41.59  1.59   19.39     1.62  0.80  -8.60  1646.30  2484.16    29.26   25.54   0.00  0.00 481.77    6.07   -0.99  3.40     8.36    4.13    0.00   0.49  0.51 0.00 -33.40  -4.01      13095.44    25.65    2.14   0.57    278745600.00
CTKA4   8.90  0.00    9.14    -0.38  0.09  36.19     5.77     0.97     1.53   16.69  14.16  0.00   0.09    0.35   -0.28  1.69    -4.16    1.03    8.90  -0.25  1.25 1.06  14.61   0.00       8132.95   -23.42    0.97  -0.11     91380591.74
CTNM4   2.71  0.00   -0.27     0.16  0.02  22.43    -5.68   -17.19    -0.82  -12.48 -10.64  2.13   0.05   -3.51   -0.03  0.98   -60.74   -8.14   -4.40   0.13  0.75 0.47  -3.61   0.00     619823.94    16.45   -9.99   0.00    186396902.47
CTSA4   1.73  0.00    7.78     0.15  0.08   8.73     5.96     1.51     1.97    9.94   5.41  0.42   0.12   -0.99   -0.11  0.78     1.99    0.99    1.74   0.50  0.50 0.66  -0.42 -20.88     392567.59    11.19    0.22  -0.10    110464380.57
DEXP4   8.97  3.05    6.14     1.37  0.61  18.95    13.35     7.03     3.23    3.59   0.13  0.05   0.43    1.47   -1.67  2.91    22.29    9.97   19.97   0.45  0.46 1.42  34.10  11.10     140594.55     6.55    1.46  -0.18    903305785.35
DOHL4   5.17  0.00 2399.30     0.55  0.40  19.64    -0.51     0.03  -116.85 -202.67  -7.22  0.03   0.60    0.87   -0.86  6.64     0.02    0.02   -0.93   0.72  0.28 0.66   6.68 -65.66      17480.32     9.41    0.00 -24.05    654165694.05
DTCY4  62.60  0.00 1687.19 -1262.33 62.22  18.63    -3.18     4.02 -2130.91 -242.82  -2.38  0.00  67.83 -538.49 -110.59  0.79   -74.82    3.69  -55.05  -0.05  1.05 0.92  -9.85 -33.48          0.00    -0.05    0.04 -15.72     78622849.72
EALT4   7.48  0.00    4.86     0.79  0.32  21.92    11.20     7.22     3.13    5.29   2.02  0.51   0.35  -16.57   -0.50  0.95    16.29    6.66   14.35   0.41  0.59 0.92  23.92   2.47     123812.59     9.44    1.54  -0.30    175417500.00
ECPR4  90.74  0.00   -9.92     1.22  0.62   0.00     0.00     0.00   -17.21  -17.09   0.08 -0.01   0.00  175.57   -0.63  2.97   -12.28   -6.29   -7.36   0.51  0.49 0.00   0.00   0.00          0.00    74.46   -9.14   0.14    171908947.31
EEEL4 410.00 33.87    4.54     2.13  0.78  59.51    80.32    66.44     3.76    3.40   0.68  0.39   3.02    4.78   -1.07  2.45    46.84   17.10   26.57   0.37  0.63 0.26   6.73  17.15     100734.67   192.68   90.25   0.01   2864486063.75
EKTR4  39.88 12.67    8.09     2.45  0.75  26.84    21.56    11.25     4.22    6.44   2.47  1.43   0.91   14.31   -1.05  1.23    30.29    9.32   17.36   0.31  0.69 0.83   7.62  20.59      33504.44    16.27    4.93   3.14   7271389867.08
ELEK4  36.99  0.00   47.34     5.15  2.07  11.39     2.82     2.53    42.48   38.76   5.75  0.70   1.20    7.26   -5.02  1.94    10.87    4.36    4.38   0.40  0.60 1.72   1.48   0.00          0.00     7.19    0.78  -0.68    905051916.30
EMAE4  61.24  2.40   37.02     1.98  1.12   9.44    -4.64    11.35   -90.59  -51.55  17.91 -0.39   4.20    2.88   -2.02  7.47     5.35    3.01   -2.69   0.56  0.44 0.27  20.52 -12.50     189760.65    30.94    1.65  -0.71   1734863694.86
ENGI4   8.20  4.78    8.24     1.47  0.27  27.35    21.69     7.65     2.91    7.06   3.80  1.93   0.63    6.94   -0.36  1.18    17.88    3.28   12.02   0.18  0.77 0.43  14.21  29.43     123021.16     5.57    1.00  -0.52  18739205302.60
ENMT4  64.90  6.63   13.25     4.82  1.19  31.38    25.78    15.24     7.83   10.45   2.53  1.55   2.02   56.76   -1.61  1.09    36.34    8.99   20.43   0.25  0.75 0.59  13.11 195.34      35161.60    13.48    4.90  -2.60  14367944366.50
ESTR4  60.00  0.00   -0.94    -0.09  0.19  49.89    13.71   -29.57     2.04    4.74   3.18  0.00   0.28   -0.09   -0.38  0.18    -9.74  -20.19   -5.28  -2.07  3.07 0.68   4.32   0.00      14584.43  -652.09  -63.54  -0.02     37130210.00
EUCA4  10.51  7.52    3.91     0.47  0.26  31.48    12.78     9.61     2.94    4.65   1.56  0.25   0.38    1.93   -0.40  1.58    11.93    6.53   10.80   0.55  0.45 0.68  15.81  42.80     292816.78    22.53    2.69  -0.08   1026253893.56
FBMC4   1.96  0.00   -0.09    -0.02  0.03 -60.76   -92.67  -101.97    -0.10   -0.74  -0.67  0.00   0.09   -0.04   -0.05  0.31   -24.19  -36.57   25.82  -1.51  2.51 0.36 -18.14   0.00          0.00   -87.48  -21.16   0.00       904253.84
FESA4  51.70  7.36    4.85     1.44  1.11  42.10    31.72    30.20     4.62    4.11  -0.69 -0.22   1.46    3.29   -1.98  4.17    29.69   22.81   23.45   0.77  0.23 0.76  23.14  28.39   10406182.78    35.91   10.66   0.38   4751616000.00
GEPA4  25.00 12.84    8.25     1.19  0.64  42.24    36.90    20.16     4.51    5.70   1.17  0.31   1.66   -3.61   -0.73  0.42    14.42    7.74   14.63   0.54  0.46 0.38  -1.18   3.25      26035.10    21.02    3.03   0.02   2374997067.45
GETT4   2.40  2.05    7.55     1.24  0.08  41.43    18.41    17.71     7.26    0.00   0.99  0.17   1.34    3.13   -1.96  1.03    16.41    1.07   10.57   0.07  0.93 0.06   0.00   0.00      87049.26     1.94    0.32   0.07            0.00
GGBR4  24.08 14.83    3.61     0.87  0.56  21.25    21.04    14.46     2.48    2.77   0.38  0.13   0.52    2.18   -0.98  2.49    24.08   15.45   21.61   0.64  0.36 1.07  17.42   0.00  247676349.41    27.67    6.66  -0.14  40742800550.38
GOAU4  11.18 11.27    2.99     0.67  0.15  21.25    20.96     4.78     0.68    0.99   0.32  0.32   0.14    0.57   -0.27  2.56    22.38    5.04   21.10   0.23  0.35 1.05  17.42   0.00   98048713.53    16.74    3.75  -0.10  11342924580.13
GOLL4   7.77  0.00   -7.01    -1.18  1.46  23.37     7.55   -21.01    19.48   11.64   9.09  0.00   1.47   -2.36   -1.81  0.24   -16.87  -20.89  -13.97  -1.24  2.24 0.99   8.03   0.00   82499195.41    -6.57   -1.11  -0.10   3252934408.29
HAGA4   1.07  0.00    2.08    -0.23  0.22  23.85    16.58    20.85     2.61   -0.06  -3.63  0.00   0.43    0.54   -1.40  1.90   -10.84   10.39  -12.23  -0.96  1.96 0.50   2.91   0.00      25530.25    -4.75    0.51   0.46     17413667.06
HETA4   3.81  0.00    0.01    -0.01  0.14 100.00    89.34  6372.81     0.68  119.06 112.90  0.00   0.60   -6.77   -0.20  0.93   -58.46 1482.31  397.53 -25.35 26.35 0.23   3.27   0.00       5792.72  -687.82  402.11   0.00     17725839.81
HOOT4   1.56  0.00    0.09    -0.15  0.06  71.49   277.61   251.84     0.09    0.00  -0.04  0.00   0.24   -0.09   -0.06  0.15  -156.24   59.38 -147.93  -0.38  1.44 0.24  -3.08   0.00      40925.44   -10.64   16.62   0.00     12315410.64
IDVL4   2.67  0.00   -1.22     1.16  0.07 -18.91   -40.19  -154.60    -4.71   -3.84   0.00  0.00   1.89    0.59   -0.16  1.26   -94.38   -5.67    0.00   0.06  0.94 0.04 -32.17   0.00          0.00     2.31   -2.18   0.00    224007574.38
IGTI4   9.50  1.65  160.01     2.88  1.45  59.45    49.06     6.87    22.42   14.85   3.71  0.48  11.00   11.44   -1.97  1.94     1.80    0.91    4.99   0.50  0.49 0.13   7.95  -1.43      50637.38     3.30    0.06  -2.50   5778705576.40
INEP4   0.78  0.00   -0.39    -0.08  0.11 -75.75 -1007.89 -3979.96    -1.52  -11.16  -9.33  0.00  15.35   -0.12   -0.12  0.08   -21.95  -28.14   12.24  -1.28  2.28 0.01 -23.07   0.00     313076.28    -9.21   -2.02   0.00    171947327.16
ITSA4   8.93  5.24    6.79     1.18  0.89  34.66   182.53   158.09     5.88    6.32   0.40  0.08  10.74   24.56   -1.00  1.46    17.32   13.03   16.01   0.75  0.21 0.08  11.30   9.38  177956732.88     7.59    1.31  -0.97  87100337708.25
ITUB4  26.87  4.71    8.66     1.54  0.11  36.93    12.47    10.35     7.19    6.63   0.00  0.00   0.90    0.00   -0.11  0.00    17.72    1.27    0.00   0.07  0.92 0.12  13.63   5.57  762033672.97    17.50    3.10   0.90 242909794714.50
JOPA4  34.21  2.64   12.73     0.64  0.15  20.61     5.20     1.26     3.09    7.55   5.56  1.15   0.16    0.49   -0.58  1.71     5.00    1.18    5.75   0.24  0.69 0.94  16.21   8.23       4348.25    53.73    2.69  -1.95    232221236.75
KLBN4   4.37  6.95    5.04     2.30  0.50  47.91    33.32    23.83     3.60    6.71   3.08  1.97   1.20    3.66   -0.67  2.07    45.67    9.87   12.33   0.22  0.74 0.41  19.06  55.72   16349735.50     1.90    0.87   0.17  24696256555.38
LAME4   6.57  0.00   21.06     1.90  0.28  32.90     4.35     2.27    10.98   16.86   5.87  1.01   0.48    1.19   -0.65  1.72     9.02    1.34    2.89   0.15  0.63 0.59   3.50  18.61          0.00     3.46    0.31 -46.75  12391135396.59
LUXM4  20.79  0.00   40.27     3.91  2.78  28.58    14.45     7.88    21.96   12.17  -0.08 -0.01   3.17 -467.13   -3.23  0.96     9.70    6.92    8.56   0.71  0.29 0.88   6.11  22.53      13579.47     5.32    0.52  -1.18    240997680.00
MAPT4   6.82  0.00  -33.51    -1.02  8.11   0.00     0.00     0.00   -33.51  -89.97   0.00  0.00   0.00 -133.34   -8.11  0.00    -3.03  -24.19    3.03  -7.98  8.98 0.00   0.00   0.00       1364.00    -6.72   -0.20  -3.84     16823853.55
MERC4  10.01  0.00  -38.72     0.72  0.63  78.18   -13.22    -9.12   -26.71  -34.40   0.00  0.00   3.53   26.36   -0.64  0.00    -1.85   -1.61    0.00   0.87  0.13 0.18 -29.95   0.00      51862.14    13.99   -0.26   0.27    232195881.50
MGEL4  14.20  0.00    0.44     5.88  0.10  13.39    10.30    18.67     0.80    6.75   5.85 42.79   0.08    0.38   -0.19  2.22  1325.65   22.67   -8.86   0.02  0.98 1.21  17.93   0.00      42942.46     2.42   32.02  -0.02     92313118.39
MODL4   2.72  1.98  -26.30     1.60  0.26  50.83    -5.11    -5.48   -28.22  -29.26   0.00  0.00   1.44    0.00   -0.29  0.00    -6.10   -0.97    0.00   0.16  0.84 0.18   0.00   0.00      31974.18     1.70   -0.10   0.17   1985844000.00
MSPA4  40.00  0.15  -51.36     0.31  0.18  34.62     0.85    -2.57   155.08  247.81  71.42  0.14   1.32    8.30   -0.20  1.42    -0.61   -0.35   -0.80   0.58  0.42 0.14   6.46   0.00       8046.00   127.72   -0.78   0.62    291394491.25
MTIG4  23.00  0.00  -49.52  -359.15 36.91 -16.12   -64.07  -113.09   -87.41   -1.28  -1.17  0.00  56.00  -50.93  -50.15  0.27  -725.28  -74.53 -104.33  -0.10  1.10 0.66 -17.44   0.00       6887.40    -0.06   -0.46  -0.09      3700608.00
MTSA4  41.25  7.07    3.84     0.91  0.65  31.46    16.37    12.07     2.83    3.30  -0.60 -0.19   0.46    1.23   -3.08  3.06    23.65   16.98   19.70   0.72  0.28 1.41  27.16  48.38      88341.65    45.47   10.75   0.07    500073341.70
MWET4  10.03  0.00    0.67    -2.46  0.07  15.94     2.02    10.39     3.45   15.47  11.64  0.00   0.07   -3.90   -0.13  0.96  -366.33   11.02  -19.47  -0.03  1.04 1.06  19.24  36.34      18773.15    -4.07   14.91  -0.01     22871273.34
NAFG4  19.02  0.00    3.49     0.82  0.34  41.15    16.49     9.34     1.97    5.06   1.17  0.48   0.33    0.94   -0.85  2.52    23.42    9.77   15.89   0.42  0.58 1.05   7.87  35.19          0.00    23.30    5.46  -0.34    508315292.42
ODER4 100.00  1.71   10.59     2.41  1.26  29.72    17.01    13.02     8.11    9.31   1.20  0.36   1.38    2.74   -4.52  2.77    22.75   11.92   17.73   0.52  0.48 0.92  18.87  44.10       9450.50    41.50    9.44  -0.87   1128710600.00
OIBR4   2.45  0.00   -0.55    -0.71  0.03  -3.45   -28.92   -25.35    -0.48   -5.69  -5.47  0.00   0.14    0.44   -0.05  1.37  -128.78   -6.02  -30.36  -0.05  1.05 0.24 -16.61   0.00     132379.47    -3.46   -4.45   0.01    728291366.27
PATI4  37.00  5.70   12.00     1.05  0.48   9.09     4.92     3.38     8.24    9.12  -0.58 -0.07   0.41    0.91   -2.69  2.79     8.73    4.00    5.36   0.46  0.54 1.18  23.42  33.66      13391.60    35.31    3.08  -0.19   1041036746.57
PCAR4  72.11  0.00  -10.71     1.70  0.45  23.75    -7.20   -15.48   -23.03   -9.15  -3.60  0.27   1.66    1.73   -1.26  1.67   -15.90   -4.19   -6.82   0.26  0.69 0.27 -17.25   0.00          0.00    42.36   -6.73   0.06   4695017019.22
PEAB4  69.99  0.75   62.53     1.31  1.04  77.64    37.85    31.62    52.24   29.24  -8.82 -0.22  19.77    3.08   -1.62 17.55     2.09    1.66    1.90   0.79  0.21 0.05 -34.50 -17.21      14107.29    53.48    1.12  -1.09    655299926.61
PETR4  25.92 64.13    1.86     0.84  0.35  52.08    45.26    28.48     1.17    1.96   0.71  0.51   0.53   11.76   -0.41  1.22    45.25   18.59   30.84   0.41  0.59 0.65  17.72   0.00 1755433639.66    30.82   13.95   0.09 363194430884.14
PINE4   1.91  3.22    4.93     0.40  0.02  10.07     5.16     4.53     4.33    2.06   0.00  0.00   0.22   -0.05   -0.02  0.01     8.02    0.40    0.00   0.05  0.93 0.09   8.44   0.00     429075.56     4.83    0.39   0.03    169124036.56
PNVL4  18.62  0.00   33.35     2.48  0.99  31.12     3.62     2.04    18.79   16.83   5.44  0.72   0.68    5.03   -2.35  1.52     7.45    2.98    6.74   0.40  0.60 1.46  12.06   7.02          0.00     7.49    0.56   6.33   1696257985.68
POMO4   4.73  4.95    7.59     1.43  0.62  18.13     8.17     9.65     8.97   10.29   1.92  0.31   0.73    2.15   -1.47  1.98    18.83    8.11    8.71   0.43  0.56 0.84  13.49  52.22   34118834.88     3.31    0.62   0.33   4178172677.14
PTNT4   6.60  4.83    6.90     0.86  0.37  16.97     9.45     5.31     3.88    6.01   1.79  0.40   0.37    1.75   -0.77  1.68    12.43    5.35    9.58   0.43  0.49 1.01  11.78  13.24      36267.38     7.70    0.96  -0.17    345456776.28
RAIZ4   3.69  5.68   15.65     1.67  0.34   6.21     3.29     0.99     4.72    8.62   3.90  1.38   0.16   14.41   -0.60  1.06    10.66    2.19   11.60   0.21  0.79 2.20   0.00   0.00   72013720.69     2.21    0.24  -0.70  38200759995.96
RANI4   5.50  0.00    3.88     1.14  0.38  47.57    33.25    20.71     2.42    5.31   1.43  0.68   0.80    1.41   -0.64  2.93    29.47    9.75   13.69   0.33  0.67 0.47  14.44   0.00          0.00     4.81    1.42   1.60   2175352786.77
RAPT4  10.38  4.85    7.37     1.20  0.27  23.93    11.37     4.09     2.65    5.09   2.58  1.17   0.30    0.87   -0.65  2.18    16.29    3.70   11.36   0.23  0.68 0.90  30.59  58.26   24367015.03     8.64    1.41  -0.22   3243677642.04
RCSL4   0.79  0.00  -15.22   204.60  3.06  11.58     7.76   -17.89    35.11   49.65  -0.20 -1.16   2.72   22.06   -6.72  1.34 -1344.46  -20.10  581.73   0.01  0.99 1.12 362.53   0.00    1267317.97     0.00   -0.05  -0.02    285574799.76
RNEW4   1.57  0.00    0.49     0.44  0.14  29.51   418.49   331.34     0.39    1.35   0.96  1.08   1.62   -1.35   -0.15  0.21    88.97   28.97   52.92   0.33  0.67 0.09 -22.41   0.00     135411.56     3.60    3.20   0.00    400837555.97
RSUL4  64.97  4.48    5.67     2.45  1.14  38.41    27.22    17.50     3.64    1.14  -0.36 -0.24   0.99    3.86   -2.38  2.28    43.25   20.04   45.41   0.46  0.54 1.15  26.29  13.12     141149.90    26.49   11.46   0.23    158835602.41
SANB4  15.92  5.84   10.29     1.07  0.12  17.98    10.05    12.22    12.51   11.78   0.00  0.00   1.26    0.00   -0.12  0.00    10.35    1.13    0.00   0.11  0.89 0.09  10.04   5.38    2044330.81    14.94    1.55  -0.48 112402980454.49
SAPR4   4.18  7.06    5.36     0.69  0.37  58.36    32.27    20.61     3.42    5.58   2.15  0.44   1.10    6.97   -0.43  1.55    12.95    6.88   10.06   0.53  0.47 0.33   7.96  11.44    8257771.13     6.03    0.78  -1.49   6341018357.72
SHUL4   5.63  5.06    6.54     1.75  0.84  27.66    19.05    14.36     4.93   44.97   0.27  0.10   0.94    2.24   -2.43  2.37    26.78   12.92   19.30   0.48  0.52 0.90  24.97  50.30    2059919.53     3.22    0.86   0.13  18237153114.04
SLED4   0.99  0.00    0.09    -0.03  0.10  45.54   210.83   124.35     0.05    0.45   0.37  0.00   0.11   -0.07   -0.13  0.15   -29.31  108.25  -61.12  -3.69  4.69 0.87 -45.03   0.00      43829.47   -37.75   11.06   0.00     13697249.21
SULA4   7.63  0.26   53.73     1.17  0.32   4.25    -3.34     0.83   -13.30    6.54  19.47 -1.71   0.44    0.88   -0.93  2.29     2.17    0.60   -8.72   0.28  0.72 0.73   4.58 -23.56      90108.19     6.55    0.14  -0.97   9475042424.17
TAEE4  12.38 10.62    8.47     1.97  0.69  78.71    90.53    60.12     5.62    9.27   3.65  1.28   5.09    6.20   -0.84  2.82    23.28    8.20   13.05   0.35  0.65 0.14  19.43  18.45    3850807.75     6.28    1.46  -0.27  12774019471.56
TASA4  14.66  8.84    5.15     1.77  0.83  43.26    25.18    15.56     3.18    3.33   0.16  0.09   0.80    4.26   -2.24  1.45    34.40   16.14   27.88   0.47  0.53 1.04  29.58   0.00   12508913.25     8.27    2.85  -0.10   1849029552.20
TCNO4   0.85  0.00   -5.33    -5.95  0.02   0.00     0.00     0.00    -4.82  -34.51 -28.98  0.00   0.00   -0.06   -0.03  0.28  -111.63   -0.45   -3.55   0.00  1.00 0.00   0.00   0.00      12175.76    -0.14   -0.16  -0.20      6451072.50
TEKA4  13.45  0.00   -0.04     0.00  0.01  17.92   -39.58   -58.02    -0.06   -4.81  -4.76  0.00   0.03    0.00   -0.01  0.04    -8.03  -14.01    7.54  -1.74  2.74 0.24  15.05   0.00      35192.42 -3881.95 -311.65   0.00      5890918.45
TELB4  15.74  0.00  -41.04     0.81  0.33 -47.57    11.29    -8.86    32.23   20.48 -25.05 -0.63   3.64    1.05   -0.55  5.06    -1.97   -0.81    2.31   0.41  0.59 0.09  36.54   0.00     217835.13    19.46   -0.38   0.53   1921148284.34
TFCO4  10.45  1.80   97.66    28.49 16.89  57.40    21.59    17.03    77.01   13.17   0.22  0.08  16.63   36.17  -62.99  2.76    29.17   17.29   24.54   0.59  0.41 1.02  22.58  24.63    1735406.84     0.37    0.11   7.52   1669053115.68
TIET4   3.51  0.00    6.13     3.15  0.64  74.66    61.76    49.46     4.91    7.15   3.64  2.34   3.03 1443.59   -0.72  1.00    51.45   10.47   13.16   0.20  0.72 0.21  -5.19  23.78          0.00     1.11    0.57   0.03   5004795800.93
TKNO4  53.65  8.01    4.50     0.59  0.44  21.69    15.82    11.77     3.35    2.97  -0.92 -0.16   0.53    1.18   -1.06  2.68    13.06    9.67   14.73   0.74  0.26 0.82  19.94   0.00      13487.50    91.24   11.91  -0.09    183511880.48
TOYB4   2.50  0.00  -47.96    -5.43  4.40  24.06   -10.70   -10.96   -49.12  -47.62  -0.63  0.00   5.26   -6.47  -12.98  0.49   -11.31   -9.18   11.93  -0.81  1.81 0.84 -33.11   0.00          0.00    -0.46   -0.05   0.52     71890222.22
TRPL4  24.45  4.35    6.53     0.95  0.48  60.18    65.79    43.59     4.33    6.56   1.88  0.41   2.85    4.32   -0.57  3.15    14.59    7.31   12.84   0.50  0.49 0.17  15.07  12.57   47547995.94    25.68    3.75  -0.38  17463869875.80
TXRX4   2.90  0.00 -561.45    -0.04  0.05  29.51    14.06    -0.01     0.41   10.81  10.11  0.00   0.06   -0.07   -0.11  0.40    -0.01   -0.01 -100.45  -1.38  2.38 0.88  20.12   0.00       7968.72   -78.32   -0.01   5.62     20800212.30
VIVT4  45.34  0.00   18.12     1.10  0.62  42.96    13.84     8.43    11.03   12.15   2.02  0.20   1.53  -28.04   -0.75  0.89     6.05    3.42    6.88   0.56  0.44 0.41   2.14  -2.01          0.00    41.34    2.50  -0.58  69337044548.08
WHRL4   4.41  4.67   18.28     2.89  0.77  16.17     6.76     3.38     9.15    8.11  -1.07 -0.34   0.62   19.61   -2.59  1.06    15.83    4.23   18.48   0.27  0.73 1.25  12.32  -3.61      26949.31     1.52    0.24  -0.31   6658147313.22
WLMM4  23.30  5.39    6.92     1.31  0.98  13.10     7.72     5.71     5.12    4.82   0.07  0.02   0.40    2.50   -2.35  3.03    18.99   14.13   15.42   0.74  0.26 2.47  32.16   0.00      34278.93    17.72    3.37   0.29    787148297.00